6 6 6 6 6 6 6 6 6 6 6 6 6 6 6 6 6 6 6 6 6 6 6 6 6 6 6 6 6 6 6 6 6 6 6 6 6 6 6 6 6 6 6 6 6 6 6 6 6 6 
6 6 6 6 6 6 6 6 6 6 6 6 6 6 6 6 6 6 6 6 6 6 6 6 6 6 6 6 6 6 6 6 6 6 6 6 6 6 6 6 6 6 6 6 6 6 6 6 6 6 
6 6 6 6 6 6 6 6 6 6 6 6 6 6 6 6 6 6 6 6 0 10 10 10 10 10 0 6 6 6 6 6 6 6 6 6 6 6 6 6 6 6 6 6 6 6 6 6 6 6 
6 6 6 6 6 6 6 6 6 6 6 6 6 6 6 6 6 6 6 6 10 3 3 3 3 3 10 6 6 6 6 6 6 6 6 6 6 6 6 6 6 6 6 6 6 6 6 6 6 6 
6 6 6 6 6 6 6 6 6 6 6 6 6 6 6 6 6 6 6 6 12 3 3 3 3 3 3 6 6 6 6 6 6 6 6 6 6 6 6 6 6 6 6 6 6 6 6 6 6 6 
6 6 6 6 6 6 6 6 6 6 6 6 6 6 6 6 6 6 6 6 11 3 3 3 3 3 11 6 6 6 6 6 6 6 6 6 6 6 6 6 6 6 6 6 6 6 6 6 6 6 
6 6 6 6 6 6 6 6 2 2 2 2 2 6 6 6 6 6 6 6 6 11 11 11 11 11 6 6 6 6 6 6 6 6 6 6 6 6 6 6 6 6 6 6 6 6 6 6 6 6 
6 6 6 6 6 6 6 6 2 4 4 4 2 6 6 6 6 6 6 6 0 0 0 0 1 0 0 6 6 6 6 6 6 1 7 7 7 7 7 7 7 6 6 6 6 6 6 6 6 6 
6 6 6 6 6 6 6 6 2 4 4 4 2 6 6 6 6 6 6 6 6 0 1 0 0 0 6 6 6 6 6 6 6 6 7 7 7 7 7 7 7 7 6 6 6 6 6 6 6 6 
6 6 6 6 6 6 6 6 2 4 4 4 2 6 6 6 6 6 6 6 6 6 0 0 0 6 6 6 6 6 6 6 6 6 7 7 7 7 7 7 7 7 6 6 6 6 6 6 6 6 
6 6 6 6 6 6 6 6 2 4 4 4 2 6 6 6 6 6 6 6 6 6 6 7 6 6 6 6 6 6 6 6 6 6 7 7 7 7 7 7 7 7 6 6 6 6 6 6 6 6 
6 6 6 6 6 6 6 6 2 2 0 2 2 6 6 6 6 6 6 6 6 6 6 7 6 6 6 6 6 6 6 6 6 6 7 7 7 7 7 7 7 7 6 6 6 6 6 6 6 6 
6 6 6 6 6 6 6 6 6 6 0 6 6 6 6 6 6 6 6 6 6 6 6 7 6 6 6 6 6 6 6 6 6 6 6 7 7 7 7 7 7 6 6 6 6 6 6 6 6 6 
6 6 6 6 6 6 6 6 6 6 1 6 6 6 6 6 6 6 6 6 6 6 6 7 6 6 6 6 6 6 6 6 6 6 6 6 6 6 7 6 6 6 6 6 6 6 6 6 6 6 
6 6 6 6 6 6 6 6 6 6 0 6 6 6 6 6 6 6 6 6 6 6 6 7 6 6 6 6 6 6 6 6 6 6 6 6 6 6 7 6 6 6 6 6 6 6 6 6 6 6 
6 6 6 6 6 6 6 6 6 6 0 6 6 6 6 6 6 6 6 6 6 6 6 7 6 6 6 6 6 6 6 6 6 6 6 6 6 6 7 6 6 6 6 6 6 6 6 6 6 6 
6 6 6 6 6 6 6 6 1 0 0 6 6 6 6 6 6 6 6 6 6 6 6 7 6 6 6 6 6 6 6 6 6 6 6 6 6 6 7 6 6 6 6 6 6 6 6 6 6 6 
6 6 6 6 6 6 6 6 0 6 6 6 6 6 6 6 6 6 6 6 6 6 6 7 6 6 6 6 6 6 6 6 6 6 6 6 6 6 7 6 6 6 6 6 6 6 6 6 6 6 
6 6 6 6 6 6 6 6 0 6 6 6 6 6 6 6 6 6 6 6 6 6 0 7 0 6 6 6 6 6 6 6 6 6 6 6 7 7 7 6 6 6 6 6 6 6 6 6 6 6 
6 6 6 6 6 6 6 6 0 6 6 6 6 6 6 6 6 6 6 6 6 0 0 7 0 1 6 6 6 6 6 6 6 6 6 6 7 6 6 6 6 6 6 6 6 6 6 6 6 6 
6 6 6 6 6 6 6 6 0 6 6 6 6 6 6 6 6 6 6 6 0 0 1 7 0 0 0 6 6 6 6 6 6 6 6 7 7 6 6 6 6 6 6 6 6 6 6 6 6 6 
6 6 6 6 6 6 6 6 1 6 6 6 0 7 7 7 7 7 7 7 7 7 7 7 7 7 7 7 7 7 7 7 7 7 7 7 7 6 6 6 6 6 6 6 6 6 6 6 6 6 
6 6 6 6 6 6 6 6 0 6 6 6 1 6 6 6 6 6 6 6 0 0 0 7 1 0 0 6 6 6 6 6 6 6 6 6 7 6 6 6 6 6 6 6 6 6 6 6 6 6 
6 6 6 6 6 6 6 6 0 6 6 6 0 6 6 6 6 6 6 6 6 1 0 7 1 0 6 6 6 6 6 6 6 6 6 6 7 6 6 6 6 6 6 6 6 6 6 6 6 6 
6 6 6 6 6 6 6 6 1 6 6 6 0 6 6 6 6 6 6 6 6 6 0 7 0 6 6 6 6 6 6 6 6 6 6 6 7 6 6 6 6 6 6 6 6 6 6 6 6 6 
6 6 6 6 6 6 6 6 0 6 6 6 0 1 0 6 6 6 6 6 6 6 6 7 6 6 6 6 6 6 6 6 6 6 6 6 7 6 6 6 6 6 6 6 6 6 6 6 6 6 
6 6 6 6 6 6 6 6 0 6 6 6 6 6 0 6 6 6 6 6 6 6 6 7 6 6 6 6 6 6 6 6 6 6 6 6 7 6 6 6 6 6 6 6 6 6 6 6 6 6 
6 6 6 6 6 6 6 6 0 6 6 6 6 6 0 6 6 6 6 6 6 6 6 7 6 6 6 0 6 6 6 6 6 6 6 0 7 6 6 6 6 6 6 6 6 6 6 6 6 6 
6 6 6 6 6 6 6 6 0 6 6 6 6 6 1 6 6 6 6 6 6 6 6 7 6 6 6 6 6 6 0 6 6 6 6 6 7 6 6 6 6 6 6 6 6 6 6 6 6 6 
6 6 6 6 6 6 6 6 1 0 0 0 0 0 0 6 6 6 6 6 6 6 6 7 6 6 6 6 6 6 0 6 6 6 6 6 7 6 6 6 6 6 6 6 6 6 6 6 6 6 
6 6 6 6 6 6 6 6 0 0 0 0 0 0 0 6 6 6 6 6 6 6 6 7 6 6 6 6 6 6 6 6 6 6 6 6 0 6 6 6 6 6 6 6 6 6 6 6 6 6 
6 6 6 6 6 6 6 6 0 0 1 0 0 0 0 6 6 6 6 6 6 6 6 7 6 6 6 6 6 6 6 6 6 6 6 0 0 0 6 6 6 6 6 6 6 6 6 6 6 6 
6 6 6 6 6 6 6 6 0 0 0 1 0 1 0 6 6 6 6 6 6 6 6 7 6 6 6 6 6 6 6 6 6 6 6 0 0 0 6 6 6 6 6 6 6 6 6 6 6 6 
6 6 6 6 6 6 6 6 0 0 0 0 0 0 0 6 6 6 6 6 6 6 6 7 6 6 6 6 6 6 6 6 6 6 6 0 0 0 6 6 6 6 6 6 6 6 6 6 6 6 
6 6 6 6 6 6 6 6 0 0 1 0 0 0 0 6 6 6 6 6 6 6 6 7 6 6 6 6 6 6 6 6 6 6 6 0 0 0 6 6 6 6 6 6 6 6 6 6 6 6 
6 6 6 6 6 6 6 6 6 6 6 6 6 6 6 6 6 6 6 6 6 6 6 7 6 6 6 6 6 6 6 6 6 6 6 0 0 0 6 6 6 6 6 6 6 6 6 6 6 6 
6 6 6 6 6 6 6 6 6 6 6 6 6 6 6 6 6 6 6 1 0 0 0 0 0 0 0 6 6 6 6 6 6 6 0 0 0 0 0 6 6 6 6 6 6 6 6 6 6 6 
6 6 6 6 6 6 6 6 6 6 6 6 6 6 6 6 6 6 0 0 0 0 0 0 0 1 0 0 6 6 0 6 6 0 0 0 1 0 0 6 6 6 6 6 6 6 6 6 6 6 
6 6 6 6 6 6 6 6 6 6 6 6 6 6 6 6 6 6 0 0 0 0 0 1 0 0 0 0 6 6 6 6 0 0 0 0 0 0 0 6 6 6 6 6 6 6 6 6 6 6 
6 6 6 6 6 6 6 6 6 6 6 6 6 0 6 6 6 6 0 0 1 0 0 0 0 0 0 0 0 6 6 6 0 0 0 0 0 6 0 6 6 6 6 6 6 6 6 6 6 6 
6 6 6 6 6 6 6 6 6 6 6 6 6 6 6 6 6 6 0 0 0 0 0 0 0 1 0 0 0 0 0 0 0 0 6 0 0 1 0 6 6 6 6 6 6 6 6 6 6 6 
6 6 6 6 6 6 6 6 6 6 6 6 6 0 6 6 6 6 6 0 0 1 0 0 0 0 0 6 6 6 6 0 0 0 0 0 0 0 0 6 6 6 6 6 6 6 6 6 6 6 
6 6 6 6 6 6 6 6 6 6 6 6 6 6 6 6 6 6 6 6 0 0 0 0 0 0 6 6 6 6 6 0 0 6 0 0 6 0 0 6 6 6 6 6 6 6 6 6 6 6 
6 6 6 6 6 6 6 6 6 6 6 6 6 6 6 6 6 6 6 6 6 6 6 6 6 6 6 6 6 6 6 6 0 0 1 0 0 0 6 6 6 6 6 6 6 6 6 6 6 6 
6 6 6 6 6 6 6 6 6 6 6 6 6 6 6 6 6 6 6 6 6 6 6 6 6 6 6 6 6 6 6 6 6 6 6 6 6 6 6 6 6 6 6 6 6 6 6 6 6 6 
6 6 6 6 6 6 6 6 6 6 6 6 6 6 6 6 6 6 6 6 6 6 6 6 6 6 6 6 6 6 6 6 6 6 6 6 6 6 6 6 6 6 6 6 6 6 6 6 6 6 
6 6 6 6 6 6 6 6 6 6 6 6 6 6 6 6 6 6 6 6 6 6 6 6 6 6 6 6 6 6 6 6 6 6 6 6 6 6 6 6 6 6 6 6 6 6 6 6 6 6 
6 6 6 6 6 6 6 6 6 6 6 6 6 6 6 6 6 6 6 6 6 6 6 6 6 6 6 6 6 6 6 6 6 6 6 6 6 6 6 6 6 6 6 6 6 6 6 6 6 6 
6 6 6 6 6 6 6 6 6 6 6 6 6 6 6 6 6 6 6 6 6 6 6 6 6 6 6 6 6 6 6 6 6 6 6 6 6 6 6 6 6 6 6 6 6 6 6 6 6 6 
6 6 6 6 6 6 6 6 6 6 6 6 6 6 6 6 6 6 6 6 6 6 6 6 6 6 6 6 6 6 6 6 6 6 6 6 6 6 6 6 6 6 6 6 6 6 6 6 6 6